"boyle_021-out" "boyle_022-out" "sneed_people"
"the" 10.8254397834912 11.8613138686131 7.1216925716068
"of" 5.14208389715832 7.02554744525547 5.12034100951292
"to" 4.0595399188092 4.56204379562044 3.04101471123356
"in" 2.30040595399188 2.0985401459854 1.71544419608047
"and" 2.16508795669824 3.1021897810219 3.41009512917815
"a" 1.48849797023004 1.36861313868613 1.37235535686438
"that" 1.89445196211096 2.18978102189781 1.47632167177834
"be" 1.3531799729364 0.912408759124088 1.05005978063108
"is" 1.3531799729364 0.912408759124088 0.878515361023029
"it" 1.08254397834912 0.72992700729927 0.84212715080314
"was" 0.81190798376184 1.27737226277372 0.732962520143474
"by" 1.3531799729364 0.638686131386861 1.13843114830795
"for" 1.3531799729364 0.364963503649635 0.946093465717108
"not" 1.21786197564276 0.456204379562044 0.805738940583251
"Court" 0.54127198917456 0.638686131386861 0
"or" 0.27063599458728 0.182481751824818 0.431460206892967
"as" 0.6765899864682 0.821167883211679 0.940895149971409
"The" 0.81190798376184 0.456204379562044 0.363882102198888
"this" 0.40595399188092 0.364963503649635 0.525029890315538
"which" 0.94722598105548 0.821167883211679 0.561418100535427
"upon" 0.13531799729364 0.0912408759124088 0.150751156625253
"defendant" 1.48849797023004 0 0.0155949472370952
"his" 0.27063599458728 1.09489051094891 0.805738940583251
"been" 0.81190798376184 0.547445255474453 0.254717471539221
"from" 0.40595399188092 0.912408759124088 0.431460206892967
"have" 0.6765899864682 0.72992700729927 0.545823153298331
"an" 0.40595399188092 0.273722627737226 0.285907366013412
"on" 0.40595399188092 0.364963503649635 0.493839995841347
"case" 0.27063599458728 0.547445255474453 0.0935696834225711
"cause" 0.40595399188092 0 0.0623797889483807
"he" 0.6765899864682 1.36861313868613 0.738160835889172
"judgment" 0 0.0912408759124088 0.0363882102198888
"land" 0 0.182481751824818 0.0467848417112855
"law" 0.6765899864682 0 0.285907366013412
"at" 0.13531799729364 0.364963503649635 0.358683786453189
"had" 1.08254397834912 0.364963503649635 0.45225346987576
"has" 0.40595399188092 0.364963503649635 0.311898944741904
"jurisdiction" 0 0.182481751824818 0.00519831574569839
"made" 0 0.273722627737226 0.150751156625253
"no" 0.27063599458728 0.0912408759124088 0.306700628996205
"would" 0.27063599458728 0.182481751824818 0.249519155793523
"action" 0.27063599458728 0.0912408759124088 0.0207932629827936
"any" 0 0 0.233924208556428
"are" 0.13531799729364 0.273722627737226 0.25991578728492
"with" 0.40595399188092 0.547445255474453 0.540624837552633
"their" 0.6765899864682 0.547445255474453 0.530228206061236
"time" 0.6765899864682 0.182481751824818 0.176742735353745
"but" 0 0.273722627737226 0.447055154130062
"where" 0.27063599458728 0.547445255474453 0.0779747361854759
"should" 0.27063599458728 0.182481751824818 0.155949472370952
"value" 0 0 0.0571814732026823
"if" 0.27063599458728 0.182481751824818 0.197535998336539
"him" 0.81190798376184 0.182481751824818 0.218329261319333
"may" 0.27063599458728 0 0.317097260487602
"other" 0.13531799729364 0.182481751824818 0.16114778811665
"plea" 0.13531799729364 0 0.0311898944741904
"trial" 0.13531799729364 0.273722627737226 0.0207932629827936
"one" 0 0.182481751824818 0.285907366013412
"before" 0.13531799729364 0.0912408759124088 0.119561262151063
"day" 0.27063599458728 0 0.0623797889483807
"against" 0 0.0912408759124088 0.135156209388158
"jury" 0.13531799729364 0.0912408759124088 0.00519831574569839
"plaintiff" 1.48849797023004 0 0.00519831574569839
"such" 0.13531799729364 0.0912408759124088 0.171544419608047
"than" 0 0 0.12995789364246
"they" 0.13531799729364 0.182481751824818 0.514633258824141
"after" 0 0 0.0831730519311743
"having" 0 0.0912408759124088 0.0467848417112855
"ought" 0 0.364963503649635 0.0363882102198888
"being" 0.13531799729364 0.273722627737226 0.0987679991682695
"bill" 0 0.0912408759124088 0.140354525133857
"But" 0.6765899864682 0.182481751824818 0.228725892810729
"claim" 0.13531799729364 0.0912408759124088 0.025991578728492
"money" 0 0 0.0571814732026823
"payment" 0 0 0.0571814732026823
"issue" 0.13531799729364 0.0912408759124088 0.0207932629827936
"It" 0.13531799729364 0.182481751824818 0.285907366013412
"pounds" 0 0 0.00519831574569839
"under" 0 0.0912408759124088 0.192337682590841
"right" 0 0.182481751824818 0.0935696834225711
"does" 0.13531799729364 0.0912408759124088 0.0571814732026823
"general" 0.13531799729364 0 0.0415865259655872
"without" 0 0.182481751824818 0.135156209388158
"Circuit" 0 0.0912408759124088 0
"evidence" 1.21786197564276 0.273722627737226 0.0207932629827936
"execution" 0 0 0.0155949472370952
"given" 0.27063599458728 0 0.0519831574569839
"its" 0 0.0912408759124088 0.213130945573634
"part" 0 0.273722627737226 0.114362946405365
"question" 0.13531799729364 0.182481751824818 0.0519831574569839
"were" 0.13531799729364 0.364963503649635 0.29110568175911
"act" 0 0 0.166346103862349
"all" 0 0 0.306700628996205
"assigned" 0.13531799729364 0.0912408759124088 0.00519831574569839
"contract" 0 0 0
"could" 0.27063599458728 0.0912408759124088 0.12995789364246
"Courts" 0 0 0
"entry" 0 0 0.00519831574569839
"Mosby^s" 0 0 0
"note" 0 0 0.0519831574569839
"only" 0.27063599458728 0 0.145552840879555
"can" 0.27063599458728 0.0912408759124088 0.166346103862349
"declaration" 0 0 0.0207932629827936
"five" 0 0 0
"In" 0 0.0912408759124088 0.0935696834225711
"necessary" 0 0 0.0207932629827936
"suit" 0.13531799729364 0 0.0467848417112855
"there" 0.40595399188092 0 0.124759577896761
"those" 0.13531799729364 0.456204379562044 0.145552840879555
"verdict" 0 0.182481751824818 0.00519831574569839
"when" 0.13531799729364 0.182481751824818 0.145552840879555
"below" 0.40595399188092 0 0
"Blackford^s" 0 0 0
"bond" 0 0 0
"decree" 0 0 0.00519831574569839
"John" 0 0 0.114362946405365
"Judgment" 0.13531799729364 0.0912408759124088 0
"less" 0 0 0.0155949472370952
"objection" 0.13531799729364 0 0.00519831574569839
"pay" 0.13531799729364 0 0.0779747361854759
"taken" 0 0.0912408759124088 0.025991578728492
"v" 0 0 0
"we" 0.27063599458728 0.182481751824818 0.0987679991682695
"within" 0 0.0912408759124088 0.0155949472370952
"might" 0 0.182481751824818 0.0831730519311743
"must" 0 0.182481751824818 0.135156209388158
"plaintiffs" 0 0 0
"these" 0 0.0912408759124088 0.166346103862349
"amount" 0 0 0.0831730519311743
"cases" 0.40595399188092 0 0.0311898944741904
"errors" 0 0.0912408759124088 0
"new" 0 0.182481751824818 0.0311898944741904
"record" 0 0.0912408759124088 0.0363882102198888
"what" 0.27063599458728 0.182481751824818 0.140354525133857
"answer" 0 0 0.0467848417112855
"appellee" 0.13531799729364 0 0
"between" 0 0.273722627737226 0.0155949472370952
"dollars" 0 0 0.0779747361854759
"entered" 0 0 0.0155949472370952
"founded" 0 0 0.0103966314913968
"opinion" 0.27063599458728 0.182481751824818 0.025991578728492
"parties" 0.13531799729364 0.0912408759124088 0.00519831574569839
"reversed" 0 0.0912408759124088 0
"said" 0.13531799729364 0 0.3222955762333
"Smith" 0 0 0.0103966314913968
"th" 0 0 0.171544419608047
"then" 0.27063599458728 0.0912408759124088 0.119561262151063
"who" 0.13531799729364 0.0912408759124088 0.353485470707491
"appears" 0 0.0912408759124088 0.025991578728492
"cannot" 0.13531799729364 0 0.0831730519311743
"damages" 0.27063599458728 0 0.0155949472370952
"demurrer" 0 0 0
"erred" 0 0 0
"merits" 0 0 0
"so" 0.27063599458728 0.273722627737226 0.187139366845142
"two" 0 0.456204379562044 0.0987679991682695
"whether" 0 0 0.0363882102198888
"actions" 0.13531799729364 0 0
"alleged" 0 0 0
"company" 0 0 0.025991578728492
"either" 0 0 0.025991578728492
"error" 0.13531799729364 0 0.00519831574569839
"filed" 0 0 0.0155949472370952
"found" 0.13531799729364 0.273722627737226 0.0415865259655872
"himself" 0 0 0.12995789364246
"petition" 0 0 0.00519831574569839
"them" 0.27063599458728 0.182481751824818 0.363882102198888
"THIS" 0.13531799729364 0.0912408759124088 0
"warrant" 0 0.0912408759124088 0.0103966314913968
"witness" 0 0 0
"because" 0.40595399188092 0 0.0623797889483807
"common" 0 0 0.0311898944741904
"conveyance" 0 0 0.00519831574569839
"deed" 0 0 0.0883713676768727
"entitled" 0 0.273722627737226 0.0207932629827936
"facias" 0 0 0
"Frost" 0 0 0
"good" 0.27063599458728 0 0.135156209388158
"hundred" 0 0 0
"If" 0.27063599458728 0.0912408759124088 0.0935696834225711
"Johnson" 0 0 0.0675781046940791
"last" 0 0 0.0935696834225711
"more" 0.13531799729364 0.0912408759124088 0.119561262151063
"out" 0.13531799729364 0 0.249519155793523
"pre-emption" 0 0 0
"replication" 0 0 0.00519831574569839
"rule" 0 0.182481751824818 0.0103966314913968
"scire" 0 0 0
"st" 0 0 0.0623797889483807
"sufficient" 0 0 0
"testimony" 0 0 0
"therefore" 0.27063599458728 0.0912408759124088 0.0363882102198888
"To" 0.13531799729364 0 0.0571814732026823
"well" 0.27063599458728 0.0912408759124088 0.187139366845142
"appear" 0.27063599458728 0 0.0155949472370952
"assembly" 0 0 0.0155949472370952
"Blackford" 0 0 0
"causes" 0 0 0.0103966314913968
"controversy" 0 0.0912408759124088 0
"done" 0 0 0.0571814732026823
"equity" 0 0 0.0311898944741904
"executed" 0 0 0.0467848417112855
"guilty" 0.13531799729364 0 0.0155949472370952
"locators" 0 0 0
"mode" 0 0 0.0207932629827936
"nor" 0.13531799729364 0 0.0727764204397775
"notice" 0 0 0.0155949472370952
"order" 0.27063599458728 0 0.0363882102198888
"own" 0.27063599458728 0 0.109164630659666
"paid" 0 0 0.0623797889483807
"proof" 0.54127198917456 0 0.00519831574569839
"proper" 0.13531799729364 0.0912408759124088 0.025991578728492
"responsibility" 0.13531799729364 0 0
"rules" 0 0.0912408759124088 0
"same" 0.13531799729364 0.273722627737226 0.145552840879555
"tender" 0 0 0
"That" 0 0.182481751824818 0.0623797889483807
"until" 0 0.364963503649635 0.0363882102198888
"whole" 0.13531799729364 0 0.0519831574569839
"writ" 0 0 0.0103966314913968
"yet" 0.13531799729364 0 0.12995789364246
"absent" 0 0 0
"acres" 0 0 0.0311898944741904
"affirmed" 0.13531799729364 0 0
"authority" 0 0 0.0155949472370952
"brought" 0 0.0912408759124088 0.0311898944741904
"By" 0 0.0912408759124088 0.00519831574569839
"cash" 0 0 0.0155949472370952
"chancery" 0 0 0.00519831574569839
"claims" 0 0.182481751824818 0.0155949472370952
"clerk" 0 0 0.109164630659666
"competency" 0 0 0
"correct" 0.13531799729364 0 0
"costs" 0 0 0.0103966314913968
"decided" 0.13531799729364 0.273722627737226 0.0103966314913968
"due" 0 0 0.0883713676768727
"each" 0 0 0.0571814732026823
"erroneous" 0 0 0.00519831574569839
"FNa" 0 0 0
"give" 0 0.0912408759124088 0.0467848417112855
"into" 0.13531799729364 0 0.155949472370952
"legislature" 0 0 0.374278733690284
"mentioned" 0 0 0.0103966314913968
"motion" 0 0.0912408759124088 0.0103966314913968
"On" 0.13531799729364 0.0912408759124088 0.0415865259655872
"peace" 0.27063599458728 0 0.0207932629827936
"propriety" 0 0 0.0155949472370952
"purpose" 0 0.0912408759124088 0.0415865259655872
"put" 0 0 0.025991578728492
"subject" 0.13531799729364 0 0.0519831574569839
"This" 0 0.0912408759124088 0.0623797889483807
"too" 0 0 0.0467848417112855
"trover" 0 0 0
"used" 0.40595399188092 0 0.00519831574569839
"Williams" 0 0 0.00519831574569839
"arising" 0 0 0.00519831574569839
"As" 0 0 0.0207932629827936
"assignment" 0 0 0
"awarded" 0 0 0.00519831574569839
"Brown" 0 0 0
"called" 0 0.0912408759124088 0.00519831574569839
"Chief" 0 0 0.00519831574569839
"clearly" 0 0 0
"condition" 0 0 0.0103966314913968
"considered" 0 0.0912408759124088 0.0311898944741904
"covenant" 0 0 0.0155949472370952
"Craig" 0 0 0
"declared" 0.13531799729364 0 0.0155949472370952
"defendants" 0 0 0
"description" 0 0 0.0103966314913968
"did" 0 0 0.109164630659666
"distinction" 0 0 0
"do" 0.13531799729364 0 0.29110568175911
"established" 0.13531799729364 0 0.0363882102198888
"ex" 0 0 0
"exception" 0 0 0
"exceptions" 0 0.0912408759124088 0.00519831574569839
"far" 0 0 0.0207932629827936
"For" 0 0 0.0207932629827936
"improvements" 0 0 0.00519831574569839
"inquiry" 0 0 0.0103966314913968
"interest" 0 0 0.0467848417112855
"justice" 0 0.182481751824818 0.140354525133857
"Justice" 0 0 0.0155949472370952
"justices" 0 0 0.0155949472370952
"Lewis" 0 0 0.0103966314913968
"limits" 0 0 0
"notes" 0 0 0.109164630659666
"now" 0.13531799729364 0.0912408759124088 0.145552840879555
"otherwise" 0 0 0.0207932629827936
"place" 0.27063599458728 0.273722627737226 0.0415865259655872
"plaintiff^s" 0 0 0
"privilege" 0 0 0.0103966314913968
"proceedings" 0 0 0.025991578728492
"reason" 0.40595399188092 0 0.0467848417112855
"set" 0 0.0912408759124088 0.0363882102198888
"show" 0.13531799729364 0 0.0207932629827936
"solemnity" 0 0 0
"sunset" 0 0 0
"term" 0 0 0.0415865259655872
"though" 0 0 0.00519831574569839
"title" 0 0 0.0207932629827936
"trespass" 0.13531799729364 0.0912408759124088 0
"want" 0 0 0.0103966314913968
"will" 0.54127198917456 0 0.306700628996205
"withdraw" 0 0 0
"writing" 0 0 0.0103966314913968
"adjudged" 0 0 0
"afterward" 0 0 0
"agreed" 0 0 0.00519831574569839
"ante" 0 0 0
"apply" 0 0 0.0103966314913968
"assault" 0.40595399188092 0.0912408759124088 0
"August" 0 0 0.0155949472370952
"avail" 0 0 0.0155949472370952
"bar" 0 0 0.0311898944741904
"breaches" 0 0 0
"child" 0 0 0
"circumstances" 0.27063599458728 0.0912408759124088 0.0415865259655872
"complainant" 0 0 0.00519831574569839
"complainants" 0 0 0
"convey" 0 0 0.00519831574569839
"counsel" 0.13531799729364 0 0.0207932629827936
"country" 0 0.182481751824818 0.0519831574569839
"county" 0 0 0.0935696834225711
"County" 0 0 0
"court" 0 0 0.525029890315538
"debt" 0.27063599458728 0 0.0519831574569839
"dec^d" 0 0 0
"defendant^s" 0 0 0
"demand" 0 0 0.0103966314913968
"determine" 0 0.0912408759124088 0.0103966314913968
"direct" 0 0 0.025991578728492
"dly" 0 0 0
"doctrine" 0 0 0.0155949472370952
"equally" 0 0.0912408759124088 0.025991578728492
"every" 0 0.0912408759124088 0.0675781046940791
"excepted" 0.13531799729364 0.0912408759124088 0
"fifty" 0 0 0
"following" 0 0.0912408759124088 0.0207932629827936
"giving" 0.13531799729364 0 0.0155949472370952
"goods" 0 0 0
"here" 0.13531799729364 0 0.0103966314913968
"inferior" 0 0 0.0311898944741904
"injury" 0 0 0.0155949472370952
"installments" 0 0 0
"intended" 0.40595399188092 0 0.0363882102198888
"laid" 0 0 0.0155949472370952
"legal" 0.13531799729364 0 0.00519831574569839
"matter" 0.27063599458728 0 0.0363882102198888
"mere" 0 0 0.00519831574569839
"Mosby" 0 0 0
"most" 0 0.0912408759124088 0.0311898944741904
"next" 0 0 0.0311898944741904
"obtained" 0 0 0.025991578728492
"office" 0 0 0.332692207724697
"our" 0 0 0.0415865259655872
"party" 0 0 0.0727764204397775
"performance" 0 0 0
"person" 0 0 0.0363882102198888
"possession" 0 0.0912408759124088 0.0155949472370952
"powers" 0 0 0.0779747361854759
"present" 0.27063599458728 0.182481751824818 0.0311898944741904
"principle" 0.54127198917456 0.0912408759124088 0.025991578728492
"process" 0 0 0
"remedy" 0.13531799729364 0 0.0155949472370952
"request" 0 0 0
"respect" 0.13531799729364 0.182481751824818 0.0103966314913968
"respective" 0 0 0.00519831574569839
"shall" 0 0 0.296303997504808
"stated" 0 0 0.025991578728492
"sum" 0 0 0.0207932629827936
"THE" 0 0 0
"These" 0 0 0.025991578728492
"They" 0 0 0.0623797889483807
"thing" 0.13531799729364 0 0.0103966314913968
"thousand" 0 0 0.00519831574569839
"Virginia" 0 0.72992700729927 0.00519831574569839
"weight" 0 0.0912408759124088 0.0207932629827936
"whatever" 0 0 0.0363882102198888
"withdrawal" 0 0 0
"acting" 0 0 0.0207932629827936
"acts" 0 0 0.0467848417112855
"agreement" 0 0 0
"And" 0.13531799729364 0 0.150751156625253
"anything" 0 0 0.00519831574569839
"appearance" 0 0 0.0103966314913968
"appointed" 0 0 0.0467848417112855
"ascertain" 0 0.0912408759124088 0
"Barbee" 0 0 0
"bastard" 0 0 0
"caveat" 0 0 0
"Chancery" 0 0 0
"circuit" 0 0 0.0675781046940791
"clear" 0 0.182481751824818 0
"concluding" 0 0 0
"conditioned" 0 0 0
"consideration" 0 0 0.00519831574569839
"conversion" 0 0 0
"d" 0 0 0.0623797889483807
"Decree" 0 0 0
"decreeing" 0 0 0
"defense" 0.27063599458728 0 0
"delivery" 0 0 0
"dissolved" 0 0 0
"doubt" 0 0 0.0571814732026823
"ends" 0 0 0.0103966314913968
"enter" 0 0 0
"equal" 0 0 0.00519831574569839
"etc" 0 0 0.00519831574569839
"examination" 0 0.0912408759124088 0.00519831574569839
"exercise" 0 0 0.0363882102198888
"facts" 0 0 0.0363882102198888
"first" 0.13531799729364 0 0.0467848417112855
"FN" 0 0 0
"force" 0 0 0.0103966314913968
"former" 0 0 0.025991578728492
"fourth" 0 0 0.00519831574569839
"gave" 0 0 0.0311898944741904
"girl" 0 0 0.00519831574569839
"governor" 0 0 0.155949472370952
"ground" 0 0.0912408759124088 0.0155949472370952
"hearing" 0 0 0
"held" 0 0 0.0727764204397775
"however" 0 0 0.0311898944741904
"I" 0 0 0.795342309091854
"insufficient" 0 0 0
"late" 0 0 0.0311898944741904
"laws" 0 1.09489051094891 0.109164630659666
"lie" 0 0 0
"Lincoln" 0 0 0.00519831574569839
"local" 0 0 0
"located" 0 0 0
"managers" 0 0 0
"manner" 0 0 0.0519831574569839
"necessarily" 0 0 0.00519831574569839
"neither" 0.13531799729364 0 0.0155949472370952
"non-suit" 0 0 0
"objected" 0.13531799729364 0 0
"objections" 0 0 0.0103966314913968
"opening" 0 0 0
"ordinary" 0 0 0.0103966314913968
"overruled" 0 0.0912408759124088 0
"partition" 0 0 0
"permitted" 0.27063599458728 0 0.0103966314913968
"pleading" 0 0 0.00519831574569839
"produced" 0.27063599458728 0.0912408759124088 0.0103966314913968
"purposes" 0 0 0.0155949472370952
"received" 0 0 0.0155949472370952
"reply" 0 0 0
"responsible" 0 0 0.00519831574569839
"result" 0 0 0.0103966314913968
"return" 0 0 0.0363882102198888
"second" 0 0 0.0103966314913968
"See" 0 0 0.0155949472370952
"seem" 0 0 0.0103966314913968
"shown" 0 0 0.0207932629827936
"statute" 0 0 0.0103966314913968
"subsequent" 0 0 0
"substance" 0 0 0.00519831574569839
"summary" 0 0 0
"survey" 0 0 0
"system" 0 0 0
"thereon" 0 0 0.00519831574569839
"Thomas" 0 0 0.0467848417112855
"tried" 0 0 0.025991578728492
"true" 0 0 0.0311898944741904
"trust" 0 0 0.124759577896761
"unless" 0 0 0.0155949472370952
"use" 0 0 0.0103966314913968
"validity" 0 0 0
"variance" 0 0 0
"way" 0 0.0912408759124088 0.0623797889483807
"wherever" 0 0 0
"A" 0 0.0912408759124088 0.0155949472370952
"according" 0 0.456204379562044 0.0155949472370952
"account" 0 0 0.0103966314913968
"affect" 0 0 0
"alleges" 0 0 0
"appeal" 0 0.0912408759124088 0.0103966314913968
"appellants" 0 0 0
"argument" 0 0 0.00519831574569839
"asserts" 0 0 0
"association" 0 0 0
"At" 0 0 0.0207932629827936
"attaches" 0 0 0
"attorney" 0 0 0.025991578728492
"authorities" 0 0 0
"averment" 0 0 0
"award" 0 0 0
"battery" 0.54127198917456 0.0912408759124088 0
"Because" 0 0 0.0155949472370952
"belonging" 0 0 0.0103966314913968
"benefit" 0 0.182481751824818 0.0155949472370952
"bound" 0 0.273722627737226 0.0311898944741904
"certainly" 0 0 0.0103966314913968
"charged" 0 0 0.0155949472370952
"charges" 0 0 0.00519831574569839
"circuits" 0 0 0
"circumstance" 0 0.0912408759124088 0.00519831574569839
"clerk^s" 0 0 0
"cognizance" 0 0 0
"commissioners" 0 0 0
"compelled" 0 0 0.0103966314913968
"compensation" 0 0 0.0103966314913968
"conceived" 0 0 0.0207932629827936
"conduct" 0.13531799729364 0.364963503649635 0.0623797889483807
"consequences" 0 0 0.00519831574569839
"considerable" 0 0 0.0155949472370952
"considerations" 0 0 0.0103966314913968
"constitution" 0 0 0.363882102198888
"contractu" 0 0 0
"convenient" 0 0 0.0103966314913968
"copy" 0 0 0.0155949472370952
"course" 0 0.0912408759124088 0.0155949472370952
"covenanted" 0 0 0
"cured" 0 0 0
"dark" 0 0 0
"date" 0 0 0.0155949472370952
"days" 0 0 0.0103966314913968
"debts" 0 0 0.0415865259655872
"December" 0 0 0.0207932629827936
"decide" 0 0.0912408759124088 0.00519831574569839
"deciding" 0 0 0.00519831574569839
"default" 0 0 0
"deliver" 0 0 0
"deprive" 0 0 0.00519831574569839
"direction" 0 0 0.0103966314913968
"dismissed" 0 0 0.00519831574569839
"down" 0 0.0912408759124088 0.025991578728492
"entertain" 0 0 0
"especially" 0.13531799729364 0 0
"establishing" 0 0 0.00519831574569839
"establishment" 0 0 0.00519831574569839
"evident" 0 0 0
"exclude" 0 0 0
"executor" 0 0 0
"existence" 0.27063599458728 0.182481751824818 0.0363882102198888
"expression" 0 0 0
"fact" 0 0 0.0415865259655872
"father" 0 0 0.00519831574569839
"filing" 0 0 0
"follow" 0 0 0.0155949472370952
"follows" 0 0 0.0155949472370952
"form" 0 0 0.0155949472370952
"formal" 0 0 0
"full" 0 0 0.025991578728492
"gives" 0 0 0.00519831574569839
"Hard" 0 0 0
"Harrison" 0 0 0.0207932629827936
"idea" 0 0 0.0155949472370952
"illegal" 0 0 0
"incumbent" 0 0 0.00519831574569839
"injunction" 0 0 0.00519831574569839
"issued" 0 0 0.0519831574569839
"itself" 0 0 0.00519831574569839
"jeofails" 0 0 0
"joined" 0 0 0
"July" 0 0 0
"just" 0 0 0.0103966314913968
"language" 0.54127198917456 0 0.00519831574569839
"leave" 0 0 0.0311898944741904
"Legislature" 0 0 0.00519831574569839
"liability" 0 0 0
"liable" 0 0 0.0103966314913968
"locator" 0 0 0
"make" 0 0 0.0519831574569839
"manufactory" 0 0 0
"many" 0.13531799729364 0 0.0779747361854759
"material" 0 0 0
"matters" 0 0 0.025991578728492
"mind" 0 0 0.0155949472370952
"moiety" 0 0 0
"name" 0 0 0.0103966314913968
"nature" 0 0 0.0103966314913968
"objects" 0 0 0
"occupying" 0 0 0.00519831574569839
"operation" 0 0 0.00519831574569839
"original" 0 0 0
"performed" 0 0 0
"period" 0 0 0.0155949472370952
"pleadings" 0 0 0
"pleas" 0 0 0
"possibly" 0 0 0.00519831574569839
"preceding" 0 0 0.0103966314913968
"predicated" 0 0 0
"prescribed" 0 0 0.00519831574569839
"principles" 0 0 0.0155949472370952
"prior" 0.13531799729364 0.0912408759124088 0.00519831574569839
"proceeding" 0 0.0912408759124088 0
"promise" 0 0 0.00519831574569839
"property" 0 0.0912408759124088 0.213130945573634
"proven" 0 0 0
"provided" 0 0 0.0363882102198888
"purchased" 0 0 0.00519831574569839
"purchaser" 0 0 0.0207932629827936
"quashing" 0 0 0
"recover" 0 0 0.00519831574569839
"rejoinder" 0 0 0
"report" 0 0 0.00519831574569839
"Robert" 0 0 0.0207932629827936
"section" 0 0 0.0831730519311743
"secure" 0 0 0.0207932629827936
"security" 0 0 0.0207932629827936
"September" 0 0 0
"sheriff" 0 0 0
"since" 0 0.0912408759124088 0.0207932629827936
"situation" 0 0 0.0103966314913968
"sold" 0 0 0.0311898944741904
"sort" 0 0 0
"special" 0 0 0
"State" 0 0.72992700729927 0
"statement" 0 0 0
"subjects" 0 0 0.00519831574569839
"sued" 0 0 0.0103966314913968
"sufficiency" 0 0 0
"supposed" 0 0.0912408759124088 0.0103966314913968
"sustaining" 0 0 0
"ten" 0 0 0.00519831574569839
"tendered" 0 0 0
"tenth" 0 0 0
"themselves" 0 0 0.0571814732026823
"third" 0 0 0.0103966314913968
"Though" 0 0 0
"Thus" 0 0 0.00519831574569839
"tort" 0 0 0
"transitory" 0 0 0
"unquestionably" 0 0 0
"up" 0 0.182481751824818 0.0415865259655872
"Upon" 0.13531799729364 0 0.00519831574569839
"void" 0 0 0.0103966314913968
"Weisiger" 0 0 0
"whose" 0 0.0912408759124088 0.0363882102198888
"Wils" 0 0 0
"words" 0.13531799729364 0 0.00519831574569839
"year" 0 0.547445255474453 0.0311898944741904
"ability" 0 0 0
"able" 0 0 0.0207932629827936
"above" 0 0 0.0311898944741904
"Adair" 0 0 0.00519831574569839
"Adams" 0 0 0
"addition" 0 0 0.00519831574569839
"adopted" 0 0 0
"aforesaid" 0 0 0.0311898944741904
"agents" 0 0 0.0155949472370952
"alone" 0.13531799729364 0 0.0103966314913968
"also" 0 0 0.0935696834225711
"am" 0 0 0.155949472370952
"among" 0 0.0912408759124088 0.0363882102198888
"apparent" 0 0 0.00519831574569839
"appellant" 0.13531799729364 0.821167883211679 0
"applicable" 0.13531799729364 0 0
"applied" 0 0 0.0103966314913968
"aside" 0 0.0912408759124088 0.0155949472370952
"asserted" 0.13531799729364 0 0
"attested" 0 0 0
"attorneys" 0 0 0.00519831574569839
"averred" 0 0 0
"avers" 0 0 0
"avoidance" 0 0 0.00519831574569839
"Bacon^s" 0 0 0
"Barbour" 0 0 0
"become" 0 0 0.0155949472370952
"becomes" 0 0 0.0103966314913968
"beneficial" 0 0 0
"better" 0 0 0.0519831574569839
"BIBB" 0 0 0
"Black" 0 0 0
"bonds" 0 0 0
"both" 0 0.364963503649635 0.0467848417112855
"c" 0 0 0.0467848417112855
"calls" 0 0 0
"capacity" 0 0 0.00519831574569839
"care" 0 0 0.0207932629827936
"carry" 0 0 0.0207932629827936
"cents" 0 0 0.0155949472370952
"ceremony" 0 0 0
"certain" 0 0 0.0155949472370952
"Charles" 0 0 0.00519831574569839
"chief" 0 0 0.0415865259655872
"civil" 0 0 0
"claimants" 0 0 0
"claiming" 0 0.182481751824818 0
"competent" 0 0 0.00519831574569839
"complete" 0 0 0.0103966314913968
"concerning" 0 0 0
"conclusion" 0 0 0.00519831574569839
"conducive" 0 0 0
"confession" 0 0 0
"constitute" 0.13531799729364 0 0
"contended" 0.27063599458728 0 0.0155949472370952
"contracts" 0 0 0.00519831574569839
"contrary" 0 0.0912408759124088 0.0103966314913968
"convenience" 0 0 0
"correctly" 0 0 0
"correctness" 0.13531799729364 0 0.00519831574569839
"covenants" 0 0 0.00519831574569839
"credit" 0 0 0.0311898944741904
"creek" 0 0.182481751824818 0
"Dallas" 0 0 0
"Davis" 0 0 0.00519831574569839
"defective" 0 0 0
"defend" 0 0 0.0103966314913968
"defined" 0 0 0
"degree" 0 0 0
"delicto" 0 0 0
"demands" 0 0 0.0103966314913968
"demesne" 0 0 0
"demonstrate" 0 0 0.00519831574569839
"denied" 0 0 0.00519831574569839
"denominated" 0 0 0
"deposed" 0 0 0
"derive" 0 0 0
"determining" 0 0 0
"differ" 0 0 0
"different" 0 0.0912408759124088 0.025991578728492
"diligence" 0 0 0
"directed" 0 0 0.00519831574569839
"discharged" 0 0 0.00519831574569839
"drafts" 0 0 0
"duty" 0 0 0.0311898944741904
"easily" 0 0 0
"effect" 0 0.0912408759124088 0.0363882102198888
"eight" 0 0 0
"eighth" 0 0 0
"ejectment" 0 0 0
"enable" 0 0 0.00519831574569839
"enough" 0 0 0.0103966314913968
"entering" 0 0 0.00519831574569839
"estate" 0 0 0.0779747361854759
"exact" 0 0 0
"except" 0 0 0.0103966314913968
"exclusive" 0 0 0
"expensive" 0 0 0
"expressly" 0 0 0.0155949472370952
"face" 0 0 0.00519831574569839
"failed" 0 0 0
"favor" 0 0.0912408759124088 0.0103966314913968
"fifty-six" 0 0 0
"find" 0 0.0912408759124088 0.025991578728492
"finding" 0 0.0912408759124088 0.0103966314913968
"fixed" 0 0 0.0103966314913968
"formation" 0 0 0
"formed" 0 0 0.00519831574569839
"four" 0 0 0.0207932629827936
"From" 0 0 0.025991578728492
"furnish" 0 0.0912408759124088 0.0103966314913968
"further" 0 0 0.0207932629827936
"go" 0.27063599458728 0 0.0207932629827936
"goes" 0 0 0.0155949472370952
"grant" 0 0.0912408759124088 0
"granted" 0 0.0912408759124088 0
"great" 0 0.182481751824818 0.0675781046940791
"guardian" 0 0 0
"Had" 0 0 0.00519831574569839
"half" 0 0.0912408759124088 0.00519831574569839
"heard" 0 0 0.0155949472370952
"heirs" 0 0 0.0207932629827936
"Hence" 0 0 0.00519831574569839
"herein" 0 0 0.00519831574569839
"holds" 0 0 0
"house" 0 0 0.124759577896761
"how" 0 0 0.0779747361854759
"identity" 0 0 0
"impeached" 0 0 0
"implies" 0 0 0
"imposed" 0 0 0
"improper" 0.13531799729364 0 0.0155949472370952
"indispensable" 0 0 0
"indisputable" 0 0 0
"inference" 0 0 0
"influence" 0 0 0.0311898944741904
"injuries" 0 0 0.0103966314913968
"instance" 0.13531799729364 0.0912408759124088 0.00519831574569839
"interposition" 0 0 0
"involved" 0 0 0.00519831574569839
"irregularity" 0 0 0
"joint" 0 0 0.00519831574569839
"Joseph" 0 0 0.00519831574569839
"Judge" 0 0 0.0415865259655872
"justly" 0 0 0.0103966314913968
"K" 0 0 0.0103966314913968
"Kentucky" 0 0.182481751824818 0.124759577896761
"know" 0 0 0.0987679991682695
"known" 0 0 0.0519831574569839
"latitude" 0 0 0
"lawful" 0 0 0
"lease" 0 0 0
"legitimate" 0 0 0
"lessor" 0 0 0
"letter" 0 0 0.0103966314913968
"liberty" 0 0 0.0311898944741904
"lies" 0 0 0
"litigation" 0 0 0.00519831574569839
"location" 0 0 0
"locations" 0 0 0
"long" 0 0 0.025991578728492
"M" 0 0 0.025991578728492
"making" 0 0.0912408759124088 0.0311898944741904
"man" 0.13531799729364 0 0.0987679991682695
"mankind" 0 0 0
"marked" 0 0 0
"meaning" 0 0 0.00519831574569839
"meant" 0 0 0
"members" 0 0 0.103966314913968
"men" 0.13531799729364 0 0.176742735353745
"midnight" 0 0 0.00519831574569839
"Miller" 0 0 0
"mother" 0 0 0.0155949472370952
"moved" 0 0.182481751824818 0.0103966314913968
"much" 0 0.0912408759124088 0.0935696834225711
"need" 0 0 0.00519831574569839
"negligence" 0 0 0
"negro" 0 0 0
"never" 0 0 0.0675781046940791
"nine" 0 0 0.00519831574569839
"non" 0 0 0
"Nor" 0 0 0.0103966314913968
"nothing" 0 0 0.0519831574569839
"notices" 0 0 0
"oath" 0 0 0.0103966314913968
"object" 0 0 0.0155949472370952
"obligation" 0 0 0
"obligors" 0 0 0
"observe" 0 0 0
"observed" 0 0 0.00519831574569839
"occurs" 0 0 0
"offered" 0.13531799729364 0 0.00519831574569839
"Orleans" 0 0 0.00519831574569839
"overruling" 0 0 0
"oyer" 0 0 0
"parol" 0 0 0.00519831574569839
"particular" 0 0.0912408759124088 0.025991578728492
"parts" 0 0 0.0103966314913968
"passed" 0 0 0.0623797889483807
"patent" 0 0 0
"Patton" 0 0 0
"paying" 0 0 0.0103966314913968
"peculiar" 0 0 0
"penalty" 0 0 0
"per" 0 0 0.0623797889483807
"placed" 0 0 0.025991578728492
"pleaded" 0.13531799729364 0.0912408759124088 0
"Polly" 0 0 0
"portion" 0 0 0.00519831574569839
"positively" 0 0 0
"power" 0 0 0.218329261319333
"praying" 0 0 0
"precedent" 0 0 0
"precisely" 0 0 0.00519831574569839
"presume" 0 0 0.0103966314913968
"pretend" 0 0 0.00519831574569839
"produce" 0 0 0.00519831574569839
"progress" 0 0 0.0103966314913968
"properly" 0 0 0.0103966314913968
"prosecution" 0 0 0
"protect" 0 0 0.00519831574569839
"protected" 0 0 0
"proved" 0.27063599458728 0 0.00519831574569839
"proving" 0 0 0
"provision" 0 0 0.0363882102198888
"quasi" 0 0 0
"questioned" 0 0 0
"read" 0 0 0.0623797889483807
"reasons" 0 0 0.025991578728492
"receipt" 0 0 0
"recognizance" 0 0 0
"recovered" 0 0 0
"regard" 0 0.0912408759124088 0.0103966314913968
"rendered" 0.13531799729364 0 0.0103966314913968
"rent" 0 0 0
"rents" 0 0 0.00519831574569839
"replevin" 0 0 0.00519831574569839
"requires" 0.13531799729364 0 0.0103966314913968
"requisite" 0 0 0
"residence" 0 0.182481751824818 0
"resident" 0 0.0912408759124088 0
"Robinson" 0 0 0
"save" 0 0 0.0103966314913968
"score" 0 0 0
"sealed" 0 0 0
"seals" 0 0 0
"securities" 0 0 0.00519831574569839
"see" 0.27063599458728 0 0.0675781046940791
"seeks" 0 0 0
"seems" 0.13531799729364 0.182481751824818 0.0363882102198888
"settled" 0 0.182481751824818 0.0103966314913968
"settlement" 0 0.0912408759124088 0
"shape" 0 0 0.0155949472370952
"sit" 0 0 0.00519831574569839
"skill" 0 0 0.0103966314913968
"some" 0.13531799729364 0.0912408759124088 0.145552840879555
"son" 0 0 0.0103966314913968
"soon" 0 0.0912408759124088 0.00519831574569839
"sounding" 0 0 0
"specified" 0 0 0.0103966314913968
"spread" 0 0 0.00519831574569839
"Stapp" 0 0 0
"states" 0 0 0.025991578728492
"Str" 0 0 0
"Strange" 0 0 0
"subpena" 0 0 0
"successors" 0 0 0
"Such" 0.13531799729364 0 0.00519831574569839
"suing" 0 0 0.00519831574569839
"summons" 0 0 0.00519831574569839
"sundry" 0 0 0
"supported" 0 0 0.0103966314913968
"take" 0 0 0.0363882102198888
"taking" 0 0 0.0155949472370952
"tell" 0 0 0.0155949472370952
"Tender" 0 0 0
"territorial" 0 0 0
"Their" 0 0 0.00519831574569839
"There" 0.13531799729364 0 0.025991578728492
"thereafter" 0 0 0.0103966314913968
"things" 0 0 0.0467848417112855
"thought" 0 0 0.0155949472370952
"three" 0 0 0.0467848417112855
"thus" 0 0.182481751824818 0.0311898944741904
"titles" 0 0 0
"to-wit" 0 0 0.0103966314913968
"tobacco" 0 0 0
"took" 0 0.0912408759124088 0.025991578728492
"transaction" 0.40595399188092 0 0.00519831574569839
"transactions" 0 0 0.0103966314913968
"traversed" 0 0 0
"tribunal" 0 0.0912408759124088 0.0103966314913968
"truth" 0 0 0.0155949472370952
"undertaker" 0 0 0
"various" 0 0 0
"very" 0.13531799729364 0 0.0571814732026823
"view" 0 0.0912408759124088 0.0207932629827936
"waived" 0 0 0
"Whether" 0 0 0.0207932629827936
"while" 0 0.0912408759124088 0.0883713676768727
"whom" 0 0 0.0415865259655872
"why" 0 0 0.0363882102198888
"wrong" 0.13531799729364 0 0
"abandoned" 0 0 0
"about" 0 0.0912408759124088 0.0779747361854759
"Abridg" 0 0 0
"Abridgement" 0 0 0
"abstractedly" 0 0 0
"absurd" 0 0 0.0155949472370952
"ac" 0 0 0.00519831574569839
"accomplishing" 0 0 0
"According" 0 0 0
"accounted" 0 0 0.00519831574569839
"accounts" 0 0 0.00519831574569839
"accrue" 0 0 0
"accrued" 0 0 0
"accrues" 0 0 0
"acknowledged" 0 0 0.0311898944741904
"acknowledgement" 0 0 0
"acknowledging" 0 0 0
"acquainted" 0 0 0.0103966314913968
"acted" 0 0 0
"actual" 0 0 0
"actually" 0 0 0
"added" 0 0 0.00519831574569839
"additional" 0 0 0.00519831574569839
"addressed" 0 0 0
"adequate" 0 0 0.0103966314913968
"adhering" 0 0 0
"adjudging" 0 0 0
"adjudications" 0 0 0
"adjustment" 0 0.0912408759124088 0
"admissions" 0 0 0
"admits" 0 0 0
"admitted" 0 0 0.0207932629827936
"advance" 0 0 0
"advantage" 0 0 0.00519831574569839
"adversary" 0 0 0
"advert" 0 0 0
"affairs" 0 0 0.00519831574569839
"affected" 0 0 0.00519831574569839
"afford" 0 0 0
"affords" 0 0 0
"again" 0 0 0.0207932629827936
"age" 0 0 0
"agency" 0 0 0.00519831574569839
"aid" 0 0 0.025991578728492
"Alexander" 0 0 0
"allegation" 0 0 0
"allegations" 0 0 0
"allege" 0 0 0
"alloted" 0 0 0
"allowed" 0 0 0.00519831574569839
"alluded" 0 0 0.00519831574569839
"alternative" 0 0 0
"although" 0 0 0.0467848417112855
"always" 0 0.182481751824818 0.0155949472370952
"amendable" 0 0 0
"Amongst" 0 0 0
"amounts" 0 0 0.0103966314913968
"Amsterdam" 0 0 0
"Analogous" 0 0 0
"annual" 0 0 0
"annulled" 0 0 0
"anticipated" 0 0 0
"anywhere" 0 0 0
"apart" 0 0 0
"appeared" 0 0 0
"appearing" 0 0 0
"Applications" 0 0 0
"applies" 0 0 0.0103966314913968
"appoint" 0 0 0.0415865259655872
"appoints" 0 0 0
"apprised" 0 0 0
"appropriate" 0 0 0.0155949472370952
"appropriately" 0 0 0
"arguing" 0 0 0.00519831574569839
"arrear" 0 0 0
"arrest" 0 0 0.0103966314913968
"art" 0 0 0
"articles" 0 0 0.0103966314913968
"ascertained" 0 0 0
"ascertainment" 0 0 0
"assert" 0 0 0
"assign" 0 0 0.00519831574569839
"assigning" 0 0 0.00519831574569839
"assignments" 0 0 0
"assuming" 0 0 0
"assumpsit" 0 0 0
"attained" 0 0 0
"attempting" 0 0 0.0103966314913968
"Attempts" 0 0 0
"Attending" 0 0 0
"attitude" 0 0 0
"authorized" 0 0 0
"availing" 0 0 0.00519831574569839
"awarding" 0 0 0
"ay" 0 0 0
"back" 0 0 0.0103966314913968
"bad" 0 0 0.0207932629827936
"bail" 0 0 0.0155949472370952
"bailee" 0 0 0
"bailment" 0 0 0
"balance" 0 0 0.0207932629827936
"bank" 0 0 0.254717471539221
"Barton^s" 0 0 0
"bastardy" 0 0 0
"beasts" 0 0 0
"became" 0 0 0.0623797889483807
"begin" 0 0 0
"behind" 0 0 0
"believe" 0 0 0.0467848417112855
"belongs" 0 0 0
"beside" 0 0 0
"Beside" 0 0 0
"besides" 0 0 0.0103966314913968
"Besides" 0 0 0.00519831574569839
"betwixt" 0 0 0
"beyond" 0 0 0.0207932629827936
"binding" 0 0 0.00519831574569839
"body" 0 0 0.0363882102198888
"Bohannon" 0 0 0
"born" 0 0 0.00519831574569839
"borrowed" 0 0 0.00519831574569839
"bottomed" 0 0 0
"Bradshaw" 0 0 0
"bring" 0 0 0.0207932629827936
"bringing" 0 0 0.0155949472370952
"BROWN" 0 0 0
"Brown^s" 0 0 0
"Bull" 0 0 0
"burden" 0 0 0.00519831574569839
"Burr" 0 0 0
"calculated" 0 0 0.00519831574569839
"Call" 0 0 0
"capacities" 0 0 0
"careful" 0 0 0
"Cases" 0 0 0
"ceased" 0 0 0.00519831574569839
"Cedar" 0 0 0
"ceremonies" 0 0 0
"chancellor" 0 0 0
"chancellor^s" 0 0 0
"changed" 0 0 0.00519831574569839
"character" 0 0 0.0311898944741904
"charge" 0 0 0.0155949472370952
"chicanery" 0 0 0.00519831574569839
"circuity" 0 0 0
"circumscribed" 0 0 0.00519831574569839
"civilians" 0 0 0
"claimant" 0 0 0.00519831574569839
"claimed" 0 0.273722627737226 0.025991578728492
"clause" 0 0 0
"Clelland" 0 0 0
"clerical" 0 0 0
"co-defendant" 0 0 0
"Coke" 0 0 0
"collateral" 0 0 0.00519831574569839
"Collins" 0 0 0
"combine" 0 0 0
"comes" 0 0 0.0155949472370952
"commentary" 0 0 0
"Common" 0 0 0
"Company" 0 0 0.0623797889483807
"compel" 0 0 0
"complain" 0 0 0.00519831574569839
"complains" 0 0 0
"completely" 0 0 0.00519831574569839
"complying" 0 0 0
"conceded" 0 0 0
"conceive" 0 0 0.0103966314913968
"concerned" 0 0 0.025991578728492
"concerns" 0 0 0
"conclusive" 0 0 0
"conduced" 0 0 0
"conductor" 0 0 0
"confessed" 0 0 0.00519831574569839
"confines" 0 0 0
"confirming" 0 0 0
"conflict" 0 0 0
"consciousness" 0 0 0
"consequence" 0 0 0.0415865259655872
"Considering" 0 0 0
"consistent" 0 0 0
"consisting" 0 0 0.00519831574569839
"construction" 0 0 0.0207932629827936
"consulting" 0 0 0
"contains" 0 0 0
"contemplation" 0 0 0.00519831574569839
"contested" 0 0 0
"contingency" 0 0 0
"continue" 0 0 0.00519831574569839
"continued" 0 0 0.0155949472370952
"continuing" 0 0 0
"contracting" 0 0 0
"contradicted" 0 0 0
"control" 0 0 0.0155949472370952
"controverted" 0 0 0
"conviction" 0 0 0
"copied" 0 0 0
"coram" 0 0 0
"correction" 0 0 0
"corruptly" 0 0 0
"cotton" 0 0 0.00519831574569839
"count" 0 0 0.00519831574569839
"covered" 0 0 0.0103966314913968
"Cowan" 0 0 0
"creating" 0 0 0.0103966314913968
"credibility" 0 0 0
"criterion" 0 0 0
"Curd" 0 0 0
"current" 0 0 0.0103966314913968
"damnificatus" 0 0 0
"danger" 0 0.0912408759124088 0
"Daniel" 0 0 0
"Danville" 0 0 0
"debtor" 0 0 0.00519831574569839
"Dec" 0 0 0.0103966314913968
"decision" 0 0.273722627737226 0.025991578728492
"declare" 0 0 0.0207932629827936
"declares" 0 0 0.025991578728492
"declaring" 0.13531799729364 0.0912408759124088 0.0103966314913968
"declation" 0 0 0
"decreed" 0 0 0.00519831574569839
"deducting" 0 0 0
"deemed" 0.13531799729364 0.0912408759124088 0
"defeated" 0 0 0
"defect" 0 0 0
"defects" 0 0 0
"definitely" 0 0 0
"delay" 0 0 0
"delegating" 0 0 0
"deliberate" 0 0 0
"delivered" 0 0 0.00519831574569839
"delivering" 0 0 0
"demanded" 0 0 0.00519831574569839
"demise" 0 0 0
"demurred" 0 0 0
"demurrers" 0 0 0
"denial" 0 0 0
"denials" 0 0 0
"denomination" 0 0 0
"deny" 0 0 0.025991578728492
"depends" 0 0 0.0103966314913968
"deposition" 0 0 0
"depositions" 0 0 0
"depriving" 0 0 0
"deriving" 0 0 0
"derogate" 0 0 0
"describing" 0 0 0.00519831574569839
"deserve" 0 0 0.00519831574569839
"designation" 0 0 0
"destroyed" 0 0 0.0155949472370952
"detinue" 0 0 0
"difference" 0 0 0.00519831574569839
"difficult" 0.13531799729364 0 0
"difficulty" 0 0.0912408759124088 0.0155949472370952
"diminished" 0 0 0
"directing" 0 0 0.0155949472370952
"directions" 0 0 0
"directly" 0 0 0.0103966314913968
"disabled" 0 0 0
"disadvantage" 0 0 0
"disclaim" 0 0 0.00519831574569839
"discredited" 0 0 0
"dismission" 0 0 0
"disown" 0 0 0
"disregarding" 0.13531799729364 0 0
"distinguish" 0 0 0
"disturbed" 0 0 0
"divide" 0 0 0
"doubtless" 0 0 0
"dower" 0 0 0.0207932629827936
"during" 0 0.273722627737226 0.0519831574569839
"Dutch" 0 0 0
"editor" 0 0 0
"een" 0 0 0
"effectually" 0 0 0
"eighty-three" 0 0 0
"elder" 0 0 0
"eleven" 0 0 0
"else" 0 0 0.00519831574569839
"elucidation" 0.13531799729364 0 0
"emanated" 0 0 0
"embrace" 0 0 0
"employ" 0 0 0
"employed" 0 0 0.0155949472370952
"employer" 0 0 0
"enacted" 0 0 0
"enacting" 0 0 0
"endeavored" 0 0 0
"ended" 0 0 0
"England" 0 0 0.00519831574569839
"enhance" 0 0 0
"enjoining" 0 0 0
"ensuing" 0 0 0.00519831574569839
"entirely" 0.13531799729364 0 0.0103966314913968
"entitle" 0 0 0
"entitles" 0 0 0
"Equ" 0 0 0
"Equity" 0 0 0
"establish" 0 0 0.0415865259655872
"estimate" 0 0 0.00519831574569839
"estimates" 0 0 0
"estimation" 0 0 0
"evaded" 0 0 0
"even" 0.13531799729364 0 0.0623797889483807
"events" 0 0 0
"eviction" 0 0 0
"evidently" 0 0 0
"exactly" 0 0 0
"examine" 0 0 0.0103966314913968
"exceeding" 0 0 0
"excepting" 0 0 0
"excessive" 0 0 0
"excluded" 0 0 0.00519831574569839
"excusing" 0 0 0
"executions" 0 0 0.0103966314913968
"exemption" 0 0 0
"exhaustion" 0 0 0
"exhibit" 0.13531799729364 0 0.00519831574569839
"exhibition" 0 0 0
"exists" 0 0 0.00519831574569839
"exonerate" 0 0 0
"exonerating" 0 0 0
"expected" 0 0 0.0103966314913968
"expended" 0 0 0
"expense" 0 0 0.0103966314913968
"explicitly" 0 0 0
"exposition" 0 0 0.00519831574569839
"express" 0 0 0.0103966314913968
"expressed" 0 0 0.00519831574569839
"extent" 0 0 0.0103966314913968
"extraneous" 0 0 0
"faciendi" 0 0 0
"fall" 0 0.182481751824818 0
"fallacious" 0 0 0
"farther" 0 0 0.0155949472370952
"fatal" 0 0 0
"fatally" 0 0 0
"favorable" 0 0 0
"feasts" 0 0 0
"features" 0 0 0
"February" 0 0 0.0207932629827936
"feeble" 0 0 0
"feoffee" 0 0 0
"feoffer" 0 0 0
"feoffment" 0 0 0
"file" 0 0 0.0155949472370952
"final" 0 0.0912408759124088 0.00519831574569839
"flagrant" 0 0 0
"FNd" 0 0 0
"forbearance" 0 0 0
"foreign" 0 0 0
"forfeiture" 0 0 0
"formality" 0 0 0
"Formerly" 0 0 0
"forms" 0 0 0
"forth" 0 0 0.0103966314913968
"forward" 0 0 0
"foundation" 0 0 0.00519831574569839
"fraud" 0 0 0
"fraudulently" 0 0 0
"Frost^s" 0 0 0
"funds" 0 0 0.0155949472370952
"furnishes" 0.13531799729364 0 0.00519831574569839
"future" 0 0 0.00519831574569839
"generis" 0 0 0
"George" 0 0 0.025991578728492
"GEORGE" 0 0 0
"Gibb" 0 0 0
"Gilbert^s" 0 0 0
"gone" 0 0 0
"government" 0 0.0912408759124088 0.114362946405365
"granting" 0 0 0.00519831574569839
"Graves" 0 0 0
"greater" 0 0 0.0155949472370952
"greatly" 0 0 0
"gross" 0 0 0
"groundless" 0 0 0
"guaranteed" 0 0 0.00519831574569839
"guilt" 0 0 0
"halves" 0 0 0
"Hancock" 0 0 0
"hand" 0 0.0912408759124088 0.0467848417112855
"Handley" 0 0 0
"happen" 0 0 0
"happened" 0 0.0912408759124088 0.00519831574569839
"happening" 0 0 0
"Har" 0 0 0
"Hardwick^s" 0 0 0
"He" 0 0.0912408759124088 0.0779747361854759
"hear" 0 0 0.00519831574569839
"Hen" 0 0 0
"heretofore" 0 0 0.025991578728492
"hesitation" 0.13531799729364 0.0912408759124088 0
"Higgins" 0 0 0.00519831574569839
"high" 0 0 0.0363882102198888
"hogs" 0 0 0.00519831574569839
"holding" 0 0.0912408759124088 0.0155949472370952
"honest" 0 0 0.0311898944741904
"How" 0 0 0.0155949472370952
"human" 0.13531799729364 0 0.00519831574569839
"ideas" 0 0 0
"idle" 0 0 0.00519831574569839
"ignorance" 0 0 0.0207932629827936
"Ilvoy" 0 0 0
"imagined" 0 0 0
"immaterial" 0 0 0
"immediately" 0 0 0.00519831574569839
"immemorial" 0 0 0
"immovably" 0 0 0
"immutable" 0 0 0
"impannel" 0 0 0
"impeaching" 0 0 0
"impossible" 0 0 0
"improperly" 0 0 0
"IN" 0 0 0
"inadmissibleFNd" 0 0 0
"inasmuch" 0 0 0
"incidental" 0 0 0
"includes" 0 0 0.00519831574569839
"incompetent" 0 0.0912408759124088 0
"inconvenient" 0 0 0
"incorporated" 0 0 0.00519831574569839
"incorrect" 0 0 0
"India" 0 0 0
"indicating" 0 0 0
"indispensably" 0 0 0
"individual" 0 0 0.0207932629827936
"induing" 0 0 0
"inefficient" 0 0 0
"inequitable" 0 0 0
"infancy" 0 0 0
"infer" 0 0 0
"inferable" 0 0 0.00519831574569839
"informality" 0 0 0
"inherent" 0 0 0
"iniquity" 0 0 0
"Innes" 0 0 0
"insolvent" 0 0 0
"Inst" 0 0 0
"installment" 0 0 0
"instances" 0 0 0
"instead" 0 0 0.0155949472370952
"instituted" 0 0 0
"instituting" 0 0 0
"instruct" 0 0 0.00519831574569839
"instructed" 0 0 0
"instruction" 0 0 0.00519831574569839
"instrument" 0 0 0.0155949472370952
"intelligible" 0 0 0
"intention" 0 0.182481751824818 0.0103966314913968
"interfere" 0 0 0
"interference" 0 0 0
"intermarried" 0 0 0
"intervention" 0 0 0
"intimations" 0 0 0
"intrinsic" 0 0 0
"introduced" 0 0 0.0103966314913968
"invalidate" 0 0 0
"investigate" 0 0 0
"investigation" 0 0 0
"involve" 0 0 0
"ious" 0 0 0
"irresponsible" 0 0 0
"IT" 0 0 0
"J" 0 0 0.0467848417112855
"James" 0 0 0.145552840879555
"Jane" 0 0 0
"January" 0 0 0.0363882102198888
"JOHN" 0 0 0
"judges" 0 0 0.275510734522015
"JUDGMENT" 0 0 0
"judice" 0 0 0
"judicially" 0 0 0
"juries" 0 0 0
"jurisdictions" 0 0 0
"jurisprudence" 0 0 0
"justification" 0 0.0912408759124088 0
"justify" 0 0 0.0103966314913968
"kept" 0 0 0.0207932629827936
"KINCAID" 0 0 0
"knowledge" 0 0 0.025991578728492
"Ky" 0 0 0.0311898944741904
"labyrinth" 0 0 0
"lands" 0 0 0.0207932629827936
"Law" 0 0 0
"lay" 0 0 0.0207932629827936
"lays" 0 0 0
"lead" 0 0 0.00519831574569839
"leading" 0 0 0.00519831574569839
"learn" 0 0 0
"least" 0 0 0.0155949472370952
"led" 0 0 0
"lessee" 0 0 0
"let" 0 0 0.0623797889483807
"letters" 0 0 0.025991578728492
"level" 0 0 0
"lien" 0 0 0.00519831574569839
"life" 0 0 0.0207932629827936
"light" 0 0 0.00519831574569839
"like" 0 0 0.0467848417112855
"limitation" 0 0 0
"limited" 0 0 0.00519831574569839
"litigants" 0 0 0
"little" 0.13531799729364 0.0912408759124088 0.0779747361854759
"Littleton" 0 0 0
"loan" 0 0 0
"locate" 0 0 0
"locating" 0 0 0
"locatum" 0 0 0
"look" 0.13531799729364 0 0
"lost" 0 0 0.00519831574569839
"Love" 0 0 0.00519831574569839
"low" 0 0 0
"ly" 0 0 0
"Macey" 0 0 0
"machinery" 0 0 0.0103966314913968
"magistrate" 0 0 0.0103966314913968
"maintenance" 0 0 0
"major" 0 0 0.00519831574569839
"makes" 0 0 0.0103966314913968
"manage" 0 0 0.0103966314913968
"manhood" 0 0 0.00519831574569839
"manifestly" 0 0 0
"mark" 0 0 0
"Marshall" 0 0 0.00519831574569839
"materially" 0 0 0
"May" 0 0 0.0311898944741904
"me" 0 0 0.207932629827936
"memorandum" 0 0 0.00519831574569839
"mention" 0 0 0
"mercy" 0 0 0
"minority" 0 0 0.00519831574569839
"misapplied" 0 0 0
"misnomer" 0 0 0
"misprison" 0 0 0
"Mit" 0 0 0
"mitigation" 0.13531799729364 0 0
"Moorman" 0 0 0
"moral" 0 0 0
"Morehead" 0 0 0
"Motion" 0 0 0
"motives" 0 0 0.0207932629827936
"Mourning" 0 0 0
"Mr" 0 0 0.753755783126267
"Mun" 0 0 0
"mutually" 0 0 0
"N" 0 0 0.0155949472370952
"natural" 0 0.0912408759124088 0.00519831574569839
"naturally" 0 0.0912408759124088 0
"Nature" 0 0 0
"neglect" 0 0 0.00519831574569839
"negroes" 0 0 0.00519831574569839
"nevertheless" 0 0 0
"night" 0 0 0.00519831574569839
"ninety" 0 0 0
"No" 0 0 0.0155949472370952
"non-production" 0 0 0
"none" 0 0 0.00519831574569839
"NOTE" 0 0 0
"notoriety" 0 0 0
"notwithstanding" 0 0 0.0207932629827936
"nowhere" 0 0 0
"number" 0 0 0.0415865259655872
"o" 0 0 0
"ob" 0 0 0
"obliged" 0 0 0
"obligee" 0 0 0
"observation" 0 0 0
"obtain" 0 0 0.00519831574569839
"obviated" 0 0 0
"obvious" 0 0 0
"occur" 0 0 0
"off" 0 0 0.0467848417112855
"offer" 0 0 0
"offers" 0 0 0
"older" 0 0 0
"omission" 0 0 0
"operate" 0 0 0.00519831574569839
"operates" 0 0 0
"operis" 0 0 0
"opposed" 0 0 0.0155949472370952
"organization" 0 0 0.0103966314913968
"others" 0 0 0.150751156625253
"oust" 0 0 0
"ousted" 0 0 0
"outrageously" 0 0 0
"P" 0 0 0.0155949472370952
"palpable" 0 0 0
"papers" 0 0 0.0571814732026823
"partiality" 0 0 0
"particle" 0 0 0
"payable" 0 0 0.00519831574569839
"perish" 0 0 0
"permit" 0.27063599458728 0 0
"permitting" 0 0 0
"perpetual" 0 0 0
"personally" 0 0 0
"persons" 0 0 0.0155949472370952
"Philadelphia" 0 0 0
"plausibility" 0 0 0
"plead" 0 0 0.0155949472370952
"Plead" 0 0 0
"Plow" 0 0 0
"point" 0.13531799729364 0.0912408759124088 0.0155949472370952
"Point" 0 0 0
"pointed" 0 0 0.025991578728492
"policy" 0 0.182481751824818 0.00519831574569839
"position" 0 0 0
"possess" 0 0 0.0103966314913968
"possible" 0 0.0912408759124088 0
"post" 0 0 0
"practicable" 0.13531799729364 0 0
"practical" 0 0 0
"practice" 0 0 0.0363882102198888
"Prather" 0 0 0
"prays" 0 0 0
"preceded" 0 0 0
"precise" 0 0 0
"precision" 0 0 0
"precludes" 0 0 0
"preference" 0 0 0.00519831574569839
"preferred" 0 0 0
"preliminary" 0 0 0
"prescription" 0 0 0
"presently" 0 0 0
"presents" 0 0.0912408759124088 0
"prevail" 0 0 0.0103966314913968
"Price" 0 0 0
"private" 0 0.0912408759124088 0.025991578728492
"privation" 0 0 0
"proceed" 0 0 0.00519831574569839
"proceeded" 0 0 0
"production" 0.13531799729364 0 0
"profert" 0 0 0
"Profert" 0 0 0
"profertFNa" 0 0 0
"professional" 0 0 0.00519831574569839
"proffered" 0 0 0
"profits" 0 0 0.00519831574569839
"project" 0 0 0.0103966314913968
"prolixity" 0 0 0
"prominent" 0 0 0
"promote" 0 0 0
"proportions" 0 0 0
"propositions" 0 0 0
"proprietor" 0 0 0
"protection" 0 0.273722627737226 0
"protracting" 0 0 0
"Provided" 0 0 0
"provides" 0 0 0.0155949472370952
"providing" 0 0 0.00519831574569839
"provisions" 0 0 0.0311898944741904
"proviso" 0 0 0
"purchase" 0 0 0.0311898944741904
"quantum" 0 0 0
"quarter" 0 0 0
"quashed" 0 0 0
"questions" 0 0 0.0155949472370952
"quieting" 0 0 0
"Ralston" 0 0 0
"rather" 0 0 0.00519831574569839
"rational" 0 0 0
"re-entering" 0 0 0
"reach" 0 0 0.00519831574569839
"reading" 0 0 0
"reasonable" 0 0 0
"reasoning" 0 0 0.00519831574569839
"rebut" 0 0 0
"receive" 0 0 0.00519831574569839
"receiving" 0 0 0.0103966314913968
"recent" 0 0 0
"recollected" 0 0 0.0103966314913968
"recovering" 0 0 0.00519831574569839
"redress" 0.13531799729364 0 0.00519831574569839
"reduce" 0 0 0
"refer" 0 0 0.0103966314913968
"reflect" 0 0 0.00519831574569839
"refused" 0.27063599458728 0 0.0155949472370952
"refusing" 0 0 0.0155949472370952
"regarded" 0 0 0
"register" 0 0 0
"regular" 0 0 0
"reject" 0 0 0
"rejecting" 0 0 0
"relate" 0 0 0.00519831574569839
"relation" 0 0 0.0155949472370952
"relative" 0 0 0
"relatively" 0 0 0
"relied" 0 0 0
"relief" 0 0 0.0155949472370952
"relieved" 0 0 0
"relinquish" 0 0 0
"relying" 0 0 0
"remaining" 0 0 0
"remains" 0 0 0.0207932629827936
"remanded" 0 0 0
"remark" 0 0 0
"remarks" 0 0 0.00519831574569839
"remittances" 0 0 0
"render" 0 0.0912408759124088 0.025991578728492
"rendering" 0 0 0
"rendition" 0 0 0
"Rep" 0 0 0
"repeated" 0 0 0
"repeatedly" 0 0 0
"repel" 0 0 0
"replevied" 0 0 0
"replications" 0 0 0
"reported" 0 0 0
"representatives" 0 0 0.0415865259655872
"repugnant" 0 0 0
"requesting" 0 0 0
"required" 0 0 0.0155949472370952
"requisitus" 0 0 0
"reserved" 0 0 0
"reserving" 0 0 0
"resorted" 0 0 0.00519831574569839
"respectively" 0 0.182481751824818 0
"respects" 0 0 0
"resulted" 0 0 0
"resulting" 0 0 0
"resuming" 0 0 0
"returned" 0 0 0.0155949472370952
"retusing" 0 0 0
"reversal" 0 0 0
"reverse" 0 0 0
"revolts" 0 0 0
"ruled" 0 0 0
"run" 0 0 0.00519831574569839
"saepe" 0 0 0
"sale" 0 0 0.0103966314913968
"Salk" 0 0 0
"satisfactorily" 0 0 0
"satisfactory" 0 0 0
"satisfied" 0 0 0.00519831574569839
"say" 0 0.0912408759124088 0.114362946405365
"scarcely" 0 0 0
"Scott" 0 0 0.0103966314913968
"seal" 0 0 0
"sealing" 0 0 0
"secured" 0 0 0.0207932629827936
"securing" 0 0 0.0155949472370952
"sells" 0 0 0
"separate" 0 0 0.00519831574569839
"served" 0 0 0
"session" 0 0 0.0467848417112855
"sets" 0 0 0.00519831574569839
"seventh" 0 0 0
"seventyfive" 0 0 0
"severalty" 0 0 0
"side" 0.13531799729364 0 0.0311898944741904
"signed" 0 0 0
"similar" 0 0 0
"Simons" 0 0 0
"simple" 0 0 0.00519831574569839
"Since" 0 0 0
"single" 0 0 0.00519831574569839
"sitting" 0 0 0.00519831574569839
"situated" 0 0 0
"sixth" 0 0 0
"slave" 0 0 0
"slightest" 0 0 0
"small" 0 0 0.0103966314913968
"Smiley" 0 0 0
"SMITH" 0 0 0
"So" 0 0 0.0103966314913968
"solemn" 0 0 0
"solitary" 0 0 0
"sought" 0 0 0.00519831574569839
"sound" 0 0.0912408759124088 0.00519831574569839
"space" 0 0 0.00519831574569839
"Sparrow" 0 0 0
"Special" 0 0 0
"species" 0 0 0.00519831574569839
"specific" 0 0 0
"stage" 0 0 0
"stand" 0 0 0.0155949472370952
"state" 0 0.0912408759124088 0.16114778811665
"stating" 0 0 0
"statutory" 0 0 0.00519831574569839
"stay" 0 0.0912408759124088 0.00519831574569839
"still" 0 0 0.0363882102198888
"stipulation" 0 0 0
"stock" 0 0 0.025991578728492
"strength" 0 0 0
"strong" 0 0 0.0155949472370952
"subdivide" 0 0 0
"subsequently" 0 0 0
"substantial" 0 0 0.00519831574569839
"subversion" 0 0 0
"succeeded" 0 0 0.00519831574569839
"succeeding" 0 0 0
"sue" 0 0 0.00519831574569839
"suffered" 0 0 0
"suggests" 0 0 0
"sui" 0 0 0
"suits" 0 0 0.025991578728492
"summon" 0 0 0
"Sundry" 0 0 0
"superintend" 0 0 0.00519831574569839
"superstructure" 0 0 0
"supply" 0 0 0.00519831574569839
"supplying" 0 0 0
"support" 0 0 0.0311898944741904
"supporting" 0 0 0.00519831574569839
"suppose" 0 0 0.0207932629827936
"supposes" 0 0 0
"surrejoin" 0 0 0
"surrejoinder" 0 0 0
"surveyed" 0 0 0
"sustain" 0 0 0
"sustained" 0.13531799729364 0 0.00519831574569839
"swear" 0 0 0.00519831574569839
"swore" 0 0 0
"sworn" 0 0 0.0103966314913968
"tained" 0 0 0
"takes" 0 0 0.00519831574569839
"Taking" 0 0 0
"technical" 0 0 0
"tenant" 0 0 0
"tend" 0.13531799729364 0 0
"tendency" 0 0 0
"tending" 0.13531799729364 0 0
"termination" 0 0 0
"termini" 0 0 0
"test" 0 0 0
"testamentary" 0 0 0
"tested" 0 0 0
"text" 0 0 0
"thence" 0 0 0.00519831574569839
"therefor" 0 0 0
"Therefore" 0 0 0
"therefrom" 0 0 0
"therein" 0 0.0912408759124088 0
"thereof" 0 0 0.0415865259655872
"thereto" 0 0 0.00519831574569839
"think" 0 0 0.0311898944741904
"thirds" 0 0 0.00519831574569839
"Thoresby" 0 0 0
"through" 0 0 0.0415865259655872
"thwart" 0 0 0
"times" 0 0 0.025991578728492
"told" 0 0 0.0207932629827936
"topography" 0 0 0
"total" 0 0 0
"totally" 0 0 0
"toto" 0 0 0
"toward" 0 0 0
"town" 0 0 0.0155949472370952
"tract" 0 0 0.00519831574569839
"tracts" 0 0 0.00519831574569839
"train" 0 0 0
"transacting" 0 0 0.00519831574569839
"transcended" 0 0 0.00519831574569839
"transmitted" 0 0 0
"treasury" 0 0 0.0103966314913968
"trials" 0 0 0
"trustees" 0 0 0.0779747361854759
"Tuch" 0 0 0
"Tuck" 0 0 0
"Tunstall" 0 0 0
"turn" 0 0.0912408759124088 0.0207932629827936
"twenty-five" 0 0 0
"twenty-one" 0 0 0
"unable" 0 0 0.0155949472370952
"unattended" 0 0 0
"Under" 0 0.0912408759124088 0.00519831574569839
"understood" 0 0 0.0155949472370952
"undertaken" 0 0 0
"undertook" 0 0 0.00519831574569839
"undivided" 0 0 0
"unimpaired" 0 0 0
"unjust" 0 0 0
"unknown" 0 0 0.00519831574569839
"unnecessary" 0 0.0912408759124088 0
"unpaid" 0 0 0.0103966314913968
"unquestionable" 0 0 0
"unusual" 0 0 0
"usage" 0 0 0
"usurious" 0 0 0
"usuriously" 0 0 0
"uttermost" 0 0 0
"valid" 0 0 0
"variant" 0 0 0
"vastly" 0 0 0
"Vawter" 0 0 0
"verity" 0 0 0
"versa" 0 0 0
"vi" 0 0 0
"vice" 0 0 0
"Vide" 0 0 0
"viva" 0 0 0
"viz" 0 0 0
"voce" 0 0 0
"voluntarily" 0 0 0
"wanting" 0 0 0
"warranted" 0 0 0.00519831574569839
"warranting" 0 0 0
"Washington" 0 0.0912408759124088 0
"waste" 0 0 0.00519831574569839
"We" 0 0 0.0311898944741904
"weakened" 0 0 0
"went" 0 0 0.0155949472370952
"West" 0 0 0
"When" 0 0 0.0155949472370952
"whence" 0 0.0912408759124088 0
"whenever" 0 0 0.00519831574569839
"Whenever" 0 0 0
"Where" 0 0 0.0207932629827936
"Wherever" 0 0 0
"wholly" 0 0 0.00519831574569839
"Wilson" 0 0 0.00519831574569839
"withdrawn" 0 0 0
"Without" 0 0 0.00519831574569839
"worked" 0 0 0
"Worley" 0 0 0
"worse" 0 0 0
"writs" 0 0 0.00519831574569839
"written" 0 0 0.0155949472370952
"you" 0 0 0.187139366845142
"younger" 0 0 0
